Janeiro
HORA ALT(m) HORA ALT(m)
01
QUI
0221 2.09
0827 0.32
1447 2.23
2104 0.12
17
SÁB
0338 1.93
0931 0.45
1544 2.12
2201 0.28
02
SEX
0319 2.18
0919 0.24
1540 2.34
2157 0.01
18
DOM
0414 2.02
1006 0.36
1619 2.21
2232 0.20
03
SÁB
0414 2.25
1010 0.18
1629 2.41
2246 -0.05
19
SEG
0447 2.09
1042 0.29
1655 2.28
2306 0.15
04
DOM
0502 2.28
1059 0.16
1716 2.44
2332 -0.05
20
TER
0519 2.14
1114 0.25
1727 2.32
2340 0.13
05
SEG
0547 2.26
1142 0.18
1801 2.42
